Position	A,C	A,D	DHF	NADPH	Cat_residues	Disordered_region	Buried
2	0	0	0	0	0	1	0
3	0	0	0	0	0	1	0
4	0	0	0	0	0	1	0
5	0	0	0	0	0	1	0
6	0	0	0	0	0	1	0
7	0	0	0	0	0	1	0
8	0	0	0	0	0	1	0
9	0	0	0	0	0	1	0
10	0	0	0	0	0	1	0
11	0	0	0	0	0	1	0
12	0	0	0	0	0	1	0
13	0	0	0	0	0	1	0
14	0	0	0	0	0	1	0
15	0	0	0	0	0	1	0
16	0	0	0	0	0	1	0
17	0	0	0	0	0	1	0
18	0	0	0	0	0	1	0
19	0	0	0	0	0	1	0
20	0	0	0	0	0	1	0
21	0	0	0	0	0	0	0
22	0	0	0	0	0	0	0
23	0	0	0	0	0	0	0
24	0	0	0	0	0	0	1
25	0	0	0	0	0	0	0
26	1	0	0	0	0	0	0
27	0	0	0	0	0	0	0
28	0	0	0	0	0	0	0
29	0	0	0	0	0	0	0
30	0	0	0	0	0	0	1
31	0	0	0	0	0	0	0
32	0	0	1	1	1	0	1
33	0	0	0	0	0	0	0
34	0	0	0	0	0	0	0
35	0	0	0	1	0	0	0
36	0	1	0	1	0	0	1
37	0	1	0	0	0	0	0
38	0	1	0	0	0	0	1
39	0	1	0	0	0	0	0
40	0	0	0	0	0	0	1
41	0	0	0	0	0	0	0
42	0	0	0	0	0	0	1
43	1	0	0	0	0	0	1
44	1	0	0	0	0	0	1
45	1	0	0	0	0	0	0
46	1	0	0	0	0	0	1
47	1	0	0	0	0	0	0
48	1	0	0	0	0	0	1
49	0	0	0	0	0	0	0
50	1	0	0	1	0	0	0
51	0	0	0	0	0	0	1
52	0	0	0	0	0	0	0
53	0	0	0	0	0	0	0
54	0	0	0	0	0	0	1
55	0	0	0	0	0	0	1
56	1	0	0	0	0	0	1
57	0	0	0	0	0	0	1
58	1	0	0	0	0	0	1
59	0	1	0	0	0	0	1
60	0	0	0	0	0	0	0
61	0	1	0	0	0	0	0
62	0	1	0	0	0	0	1
63	0	1	0	0	0	0	0
64	1	1	0	1	0	0	1
65	0	1	0	1	0	0	1
66	1	0	0	1	0	0	1
67	0	1	1	1	1	0	1
68	1	0	1	1	1	0	1
69	0	0	1	1	1	0	1
70	0	0	0	1	0	0	0
71	0	0	0	0	0	0	1
72	0	0	0	1	0	0	0
73	0	0	0	1	0	0	1
74	0	0	0	0	0	0	1
75	0	0	0	0	0	0	0
76	0	0	0	0	0	0	0
77	0	0	0	0	0	0	1
78	0	0	0	0	0	0	0
